Find     439.6963  405  621  946  Find     320.2440  303  449  733  Find     484.8163  441  684  1015
Insert   442.8007  407  623  952  Insert   317.8397  299  447  730  Insert   505.4092  461  706  1045
Total    441.2485  406  622  949  Total    319.0418  301  448  731  Total    495.1129  451  695  1030

Find     65.07245  54   84   188  Find     79.10552  70   97   162  Find     185.5718  174  207  279
Total    65.07245  54   84   188  Total    79.10552  70   97   162  Total    185.5718  174  207  279

Find     612.5760  457  1121  1602 Find     250.0481  222  374  633  Find     423.5488  369  592  960
Insert   739.0357  679  1147  1648 Insert   276.2705  245  401  689  Insert   494.2052  433  686  1105
Delete   814.3857  592  1544  2124 Delete   292.5542  250  468  748  Delete   543.6569  478  754  1206
Total    694.6458  571  1297  1866 Total    267.2301  234  408  681  Total    471.2415  411  667  1079